478
59 87 98 73 70 64 98 87 99 78 68 99 53 56 66 67 74 86 75 71 87 87 66 71 75 
0 395 835 1111 839 1108 641 672 358 114 483 455 1118 556 466 873 1023 911 960 1022 855 595 743 372 922 402 
395 0 516 755 820 735 581 279 314 304 293 97 913 324 86 664 816 871 731 774 703 277 351 428 616 226 
835 516 0 294 663 336 493 407 521 722 370 547 474 294 432 288 392 667 296 304 401 246 429 605 103 438 
1111 755 294 0 900 107 768 555 813 999 662 758 554 587 670 493 514 885 444 398 618 517 535 899 253 723 
839 820 663 900 0 977 240 934 535 759 534 910 490 535 787 407 445 78 472 540 284 654 993 472 653 595 
1108 735 336 107 977 0 827 507 835 999 685 725 656 613 652 574 611 968 535 495 698 525 474 930 325 736 
641 581 493 768 240 827 0 705 307 547 294 670 517 304 548 319 435 293 410 484 242 428 768 273 515 356 
672 279 407 555 934 507 705 0 526 581 426 233 874 401 221 655 786 966 691 709 737 281 76 645 504 412 
358 314 521 813 535 835 307 526 0 252 152 410 760 228 317 516 666 597 605 669 500 316 600 120 594 115 
114 304 722 999 759 999 547 581 252 0 370 377 1010 443 366 763 915 827 849 910 751 482 654 288 808 288 
483 293 370 662 534 685 294 426 152 370 0 378 655 77 254 403 557 580 484 542 419 176 495 250 447 88 
455 97 547 758 910 725 670 233 410 377 378 0 972 398 133 728 876 958 787 824 777 326 296 524 649 318 
1118 913 474 554 490 656 517 874 760 1010 655 972 0 598 842 252 98 438 187 175 276 646 902 774 391 742 
556 324 294 587 535 613 304 401 228 443 77 398 598 0 266 346 500 573 421 475 380 127 465 318 370 156 
466 86 432 670 787 652 548 221 317 366 254 133 842 266 0 596 746 832 658 697 645 198 297 436 532 210 
873 664 288 493 407 574 319 655 516 763 403 728 252 346 596 0 155 395 94 166 125 404 694 545 252 491 
1023 816 392 514 445 611 435 786 666 915 557 876 98 500 746 155 0 406 97 117 195 551 817 684 319 645 
911 871 667 885 78 968 293 966 597 827 580 958 438 573 832 395 406 0 447 509 271 686 1021 541 645 648 
960 731 296 444 472 535 410 691 605 849 484 787 187 421 658 94 97 447 0 75 193 461 721 638 229 572 
1022 774 304 398 540 495 484 709 669 910 542 824 175 475 697 166 117 509 75 0 265 500 732 707 217 628 
855 703 401 618 284 698 242 737 500 751 419 777 276 380 645 125 195 271 193 265 0 468 784 501 375 503 
595 277 246 517 654 525 428 281 316 482 176 326 646 127 198 404 551 686 461 500 468 0 341 423 343 212 
743 351 429 535 993 474 768 76 600 654 495 296 902 465 297 694 817 1021 721 732 784 341 0 719 520 486 
372 428 605 899 472 930 273 645 120 288 250 524 774 318 436 545 684 541 638 707 501 423 719 0 666 234 
922 616 103 253 653 325 515 504 594 808 447 649 391 370 532 252 319 645 229 217 375 343 520 666 0 521 
402 226 438 723 595 736 356 412 115 288 88 318 742 156 210 491 645 648 572 628 503 212 486 234 521 0 