0 4 291
4 0 291
0 23 99
23 0 99
0 30 190
30 0 190
0 32 202
32 0 202
0 39 132
39 0 132
1 3 121
3 1 121
1 4 270
4 1 270
1 9 283
9 1 283
1 13 249
13 1 249
1 17 269
17 1 269
1 29 197
29 1 197
1 31 174
31 1 174
1 35 273
35 1 273
1 36 156
36 1 156
2 15 293
15 2 293
2 18 14
18 2 14
2 24 292
24 2 292
2 28 229
28 2 229
2 37 191
37 2 191
3 9 187
9 3 187
3 11 232
11 3 232
3 13 147
13 3 147
3 17 148
17 3 148
3 22 278
22 3 278
3 29 168
29 3 168
3 31 182
31 3 182
3 35 152
35 3 152
3 36 83
36 3 83
4 23 194
23 4 194
5 7 261
7 5 261
5 12 217
12 5 217
5 30 177
30 5 177
5 31 200
31 5 200
5 32 281
32 5 281
5 34 227
34 5 227
5 39 229
39 5 229
6 8 134
8 6 134
6 10 281
10 6 281
6 14 205
14 6 205
6 15 209
15 6 209
6 19 276
19 6 276
6 20 264
20 6 264
6 21 259
21 6 259
6 24 18
24 6 18
6 33 207
33 6 207
6 37 130
37 6 130
7 8 259
8 7 259
7 10 291
10 7 291
7 11 241
11 7 241
7 12 44
12 7 44
7 14 171
14 7 171
7 15 278
15 7 278
7 16 148
16 7 148
7 19 242
19 7 242
7 20 129
20 7 129
7 21 210
21 7 210
7 22 234
22 7 234
7 31 221
31 7 221
7 34 78
34 7 78
8 10 290
10 8 290
8 12 226
12 8 226
8 14 170
14 8 170
8 15 277
15 8 277
8 16 296
16 8 296
8 19 241
19 8 241
8 20 130
20 8 130
8 21 125
21 8 125
8 24 139
24 8 139
8 33 129
33 8 129
8 37 253
37 8 253
9 13 251
13 9 251
9 17 180
17 9 180
9 29 145
29 9 145
9 35 166
35 9 166
9 36 127
36 9 127
10 11 253
11 10 253
10 14 120
14 10 120
10 15 72
15 10 72
10 16 147
16 10 147
10 19 52
19 10 52
10 22 233
22 10 233
10 24 263
24 10 263
10 25 138
25 10 138
10 28 272
28 10 272
10 37 218
37 10 218
10 38 106
38 10 106
11 12 263
12 11 263
11 13 85
13 11 85
11 14 232
14 11 232
11 15 297
15 11 297
11 16 106
16 11 106
11 17 129
17 11 129
11 19 219
19 11 219
11 22 52
22 11 52
11 31 276
31 11 276
11 34 163
34 11 163
11 35 142
35 11 142
11 38 241
38 11 241
12 14 215
14 12 215
12 16 191
16 12 191
12 19 286
19 12 286
12 20 96
20 12 96
12 21 178
21 12 178
12 22 277
22 12 277
12 31 243
31 12 243
12 33 268
33 12 268
12 34 100
34 12 100
13 16 191
16 13 191
13 17 71
17 13 71
13 22 131
22 13 131
13 31 191
31 13 191
13 34 248
34 13 248
13 35 86
35 13 86
13 36 230
36 13 230
14 15 107
15 14 107
14 16 126
16 14 126
14 19 71
19 14 71
14 20 300
20 14 300
14 21 295
21 14 295
14 22 212
22 14 212
14 24 193
24 14 193
14 25 258
25 14 258
14 33 299
33 14 299
14 34 249
34 14 249
14 37 253
37 14 253
14 38 222
38 14 222
15 16 191
16 15 191
15 19 78
19 15 78
15 22 277
22 15 277
15 24 191
24 15 191
15 25 171
25 15 171
15 28 243
28 15 243
15 37 146
37 15 146
15 38 167
38 15 167
16 17 235
17 16 235
16 19 113
19 16 113
16 20 277
20 16 277
16 22 86
22 16 86
16 25 285
25 16 285
16 34 158
34 16 158
16 35 248
35 16 248
16 38 253
38 16 253
17 22 159
22 17 159
17 29 270
29 17 270
17 31 262
31 17 262
17 34 292
34 17 292
17 35 16
35 17 16
17 36 191
36 17 191
18 28 229
28 18 229
18 37 204
37 18 204
19 22 199
22 19 199
19 24 264
24 19 264
19 25 190
25 19 190
19 34 271
34 19 271
19 37 224
37 19 224
19 38 151
38 19 151
20 21 83
21 20 83
20 24 269
24 20 269
20 33 172
33 20 172
20 34 196
34 20 196
21 24 264
24 21 264
21 33 98
33 21 98
21 34 278
34 21 278
22 25 269
25 22 269
22 34 215
34 22 215
22 35 170
35 22 170
22 38 189
38 22 189
23 30 252
30 23 252
23 32 293
32 23 293
23 39 201
39 23 201
24 33 221
33 24 221
24 37 114
37 24 114
25 28 134
28 25 134
25 38 80
38 25 80
26 27 8
27 26 8
26 33 287
33 26 287
27 33 292
33 27 292
28 38 213
38 28 213
29 35 254
35 29 254
29 36 89
36 29 89
30 32 120
32 30 120
30 39 60
39 30 60
31 34 143
34 31 143
31 35 277
35 31 277
31 36 265
36 31 265
32 39 116
39 32 116
35 36 175
36 35 175
